xflr5 v6.61

 Calculated polar for: NACA 4412

 1 1 Reynolds number fixed          Mach number fixed         

 xtrf =   1.000 (top)        1.000 (bottom)
 Mach =   0.050     Re =     0.100 e 6     Ncrit =   9.000

  alpha     CL        CD       CDp       Cm    Top Xtr Bot Xtr   Cpmin    Chinge    XCp    
 ------- -------- --------- --------- -------- ------- ------- -------- --------- ---------
  -5.000  -0.3289   0.03974   0.03334  -0.0672  0.9734  0.0932  -2.4082   0.0000   0.0000   0.0000   0.0376
  -4.500  -0.2416   0.03273   0.02486  -0.0760  0.9627  0.1012  -2.2910   0.0000   0.0000   0.0000  -0.0748
  -4.000  -0.1643   0.02906   0.02065  -0.0812  0.9479  0.1130  -2.0978   0.0000   0.0000   0.0000  -0.2579
  -3.500  -0.0904   0.02705   0.01826  -0.0852  0.9320  0.1333  -1.8638   0.0000   0.0000   0.0000  -0.7150
  -3.000  -0.0107   0.02526   0.01634  -0.0900  0.9179  0.1621  -1.5994   0.0000   0.0000   0.0000  -8.3259
  -2.500   0.0735   0.02372   0.01482  -0.0952  0.9033  0.2067  -1.3330   0.0000   0.0000   0.0000   1.5642
  -2.000   0.1416   0.02263   0.01391  -0.0974  0.8843  0.2689  -1.1269   0.0000   0.0000   0.0000   0.9461
  -1.000   0.3013   0.01847   0.01223  -0.1032  0.8566  1.0000  -0.6970   0.0000   0.0000   0.0000   0.5940
  -0.500   0.3661   0.01835   0.01161  -0.1044  0.8358  1.0000  -0.6766   0.0000   0.0000   0.0000   0.5354
   0.000   0.4354   0.01804   0.01095  -0.1060  0.8181  1.0000  -0.7259   0.0000   0.0000   0.0000   0.4928
   0.500   0.5042   0.01759   0.01022  -0.1072  0.7999  1.0000  -0.7786   0.0000   0.0000   0.0000   0.4613
   1.000   0.5572   0.01777   0.01020  -0.1062  0.7765  1.0000  -0.8214   0.0000   0.0000   0.0000   0.4386
   1.500   0.6121   0.01795   0.01021  -0.1055  0.7543  1.0000  -0.8693   0.0000   0.0000   0.0000   0.4197
   2.000   0.6715   0.01808   0.01016  -0.1054  0.7355  1.0000  -0.9227   0.0000   0.0000   0.0000   0.4038
   2.500   0.7295   0.01821   0.01017  -0.1051  0.7155  1.0000  -0.9788   0.0000   0.0000   0.0000   0.3903
   3.000   0.7776   0.01890   0.01082  -0.1037  0.6937  1.0000  -1.0304   0.0000   0.0000   0.0000   0.3791
   3.500   0.8312   0.01945   0.01130  -0.1029  0.6748  1.0000  -1.0925   0.0000   0.0000   0.0000   0.3691
   4.000   0.8889   0.01978   0.01153  -0.1027  0.6567  1.0000  -1.1671   0.0000   0.0000   0.0000   0.3602
   4.500   0.9343   0.02070   0.01260  -0.1010  0.6359  1.0000  -1.2501   0.0000   0.0000   0.0000   0.3522
   5.000   0.9870   0.02138   0.01329  -0.1001  0.6174  1.0000  -1.3888   0.0000   0.0000   0.0000   0.3450
   5.500   1.0425   0.02182   0.01370  -0.0995  0.5981  1.0000  -1.5693   0.0000   0.0000   0.0000   0.3384
   6.000   1.0866   0.02274   0.01485  -0.0974  0.5761  1.0000  -1.7569   0.0000   0.0000   0.0000   0.3320
   6.500   1.1354   0.02342   0.01563  -0.0958  0.5538  1.0000  -1.9748   0.0000   0.0000   0.0000   0.3261
   7.000   1.1863   0.02376   0.01600  -0.0942  0.5289  1.0000  -2.2300   0.0000   0.0000   0.0000   0.3205
   7.500   1.2340   0.02394   0.01621  -0.0919  0.4999  1.0000  -2.4886   0.0000   0.0000   0.0000   0.3148
   8.000   1.2777   0.02411   0.01651  -0.0891  0.4681  1.0000  -2.7640   0.0000   0.0000   0.0000   0.3093
   8.500   1.3175   0.02428   0.01676  -0.0856  0.4336  1.0000  -3.0636   0.0000   0.0000   0.0000   0.3038
   9.000   1.3530   0.02448   0.01690  -0.0815  0.3950  1.0000  -3.3592   0.0000   0.0000   0.0000   0.2982
   9.500   1.3700   0.02519   0.01779  -0.0748  0.3469  1.0000  -3.5949   0.0000   0.0000   0.0000   0.2918
  10.000   1.3706   0.02675   0.01916  -0.0661  0.2872  1.0000  -3.7757   0.0000   0.0000   0.0000   0.2846
  10.500   1.3535   0.03008   0.02211  -0.0567  0.2198  1.0000  -3.8831   0.0000   0.0000   0.0000   0.2774
  11.000   1.3363   0.03477   0.02646  -0.0493  0.1668  1.0000  -3.9684   0.0000   0.0000   0.0000   0.2716
  11.500   1.3273   0.03974   0.03111  -0.0438  0.1352  1.0000  -4.0699   0.0000   0.0000   0.0000   0.2668
  12.000   1.3292   0.04430   0.03564  -0.0399  0.1129  1.0000  -4.2030   0.0000   0.0000   0.0000   0.2630
  12.500   1.3410   0.04854   0.03986  -0.0366  0.0974  1.0000  -4.3887   0.0000   0.0000   0.0000   0.2594
  13.000   1.3700   0.05237   0.04360  -0.0338  0.0855  1.0000  -4.6591   0.0000   0.0000   0.0000   0.2560
  13.500   1.3838   0.05682   0.04838  -0.0312  0.0776  1.0000  -4.8636   0.0000   0.0000   0.0000   0.2530
  14.000   1.3988   0.06192   0.05368  -0.0291  0.0701  1.0000  -5.0783   0.0000   0.0000   0.0000   0.2504
  14.500   1.3978   0.06786   0.06010  -0.0270  0.0659  1.0000  -5.2035   0.0000   0.0000   0.0000   0.2480
  15.000   1.3958   0.07432   0.06689  -0.0256  0.0627  1.0000  -5.3248   0.0000   0.0000   0.0000   0.2460
  15.500   1.3962   0.08200   0.07484  -0.0245  0.0599  1.0000  -5.4387   0.0000   0.0000   0.0000   0.2444
  16.000   1.3607   0.09313   0.08647  -0.0252  0.0592  1.0000  -5.3466   0.0000   0.0000   0.0000   0.2444
  16.500   1.3132   0.10544   0.09930  -0.0287  0.0592  1.0000  -5.1898   0.0000   0.0000   0.0000   0.2467
  17.000   1.2587   0.12014   0.11453  -0.0361  0.0597  1.0000  -4.9636   0.0000   0.0000   0.0000   0.2524
  17.500   1.0041   0.20274   0.19761  -0.0872  0.0845  1.0000  -2.4910   0.0000   0.0000   0.0000   0.3131
  18.000   1.0044   0.22617   0.22111  -0.0954  0.1209  1.0000  -2.1372   0.0000   0.0000   0.0000   0.3212
  18.500   0.9966   0.23621   0.23109  -0.1035  0.1176  1.0000  -1.9878   0.0000   0.0000   0.0000   0.3294
  19.000   1.0016   0.24282   0.23769  -0.1096  0.1083  1.0000  -1.9374   0.0000   0.0000   0.0000   0.3341
  19.500   1.0317   0.25190   0.24687  -0.1079  0.1039  1.0000  -2.0953   0.0000   0.0000   0.0000   0.3283
  20.000   1.0278   0.25876   0.25365  -0.1173  0.1001  1.0000  -1.9333   0.0000   0.0000   0.0000   0.3369


