xflr5 v6.61

 Calculated polar for: NACA 0012

 1 1 Reynolds number fixed          Mach number fixed         

 xtrf =   1.000 (top)        1.000 (bottom)
 Mach =   0.050     Re =     0.100 e 6     Ncrit =   9.000

  alpha     CL        CD       CDp       Cm    Top Xtr Bot Xtr   Cpmin    Chinge    XCp    
 ------- -------- --------- --------- -------- ------- ------- -------- --------- ---------
 -10.000  -0.9633   0.04599   0.03857  -0.0223  1.0000  0.0765  -4.0552   0.0000   0.0000   0.0000   0.2164
  -9.500  -0.9439   0.04068   0.03268  -0.0189  1.0000  0.0801  -3.9415   0.0000   0.0000   0.0000   0.2201
  -9.000  -0.9194   0.03595   0.02718  -0.0150  1.0000  0.0852  -3.8166   0.0000   0.0000   0.0000   0.2241
  -8.500  -0.8844   0.03219   0.02323  -0.0126  1.0000  0.0944  -3.5856   0.0000   0.0000   0.0000   0.2267
  -8.000  -0.8459   0.02878   0.01940  -0.0100  1.0000  0.1054  -3.3646   0.0000   0.0000   0.0000   0.2296
  -7.500  -0.8038   0.02623   0.01666  -0.0076  1.0000  0.1191  -3.1097   0.0000   0.0000   0.0000   0.2325
  -7.000  -0.7633   0.02365   0.01417  -0.0052  1.0000  0.1412  -2.8500   0.0000   0.0000   0.0000   0.2355
  -6.500  -0.7238   0.02155   0.01222  -0.0024  1.0000  0.1701  -2.6429   0.0000   0.0000   0.0000   0.2395
  -6.000  -0.6868   0.01973   0.01063   0.0008  1.0000  0.2161  -2.4328   0.0000   0.0000   0.0000   0.2444
  -5.500  -0.6511   0.01805   0.00939   0.0042  1.0000  0.2807  -2.2199   0.0000   0.0000   0.0000   0.2502
  -5.000  -0.6148   0.01680   0.00849   0.0078  1.0000  0.3605  -1.9989   0.0000   0.0000   0.0000   0.2568
  -4.500  -0.5769   0.01589   0.00796   0.0112  1.0000  0.4413  -1.7850   0.0000   0.0000   0.0000   0.2640
  -4.000  -0.5373   0.01522   0.00762   0.0146  1.0000  0.5188  -1.5969   0.0000   0.0000   0.0000   0.2722
  -3.500  -0.4966   0.01476   0.00739   0.0179  1.0000  0.5951  -1.4118   0.0000   0.0000   0.0000   0.2814
  -3.000  -0.4551   0.01443   0.00736   0.0215  1.0000  0.6659  -1.2353   0.0000   0.0000   0.0000   0.2929
  -2.500  -0.4143   0.01433   0.00748   0.0253  1.0000  0.7373  -1.0853   0.0000   0.0000   0.0000   0.3070
  -2.000  -0.3739   0.01448   0.00784   0.0295  1.0000  0.8045  -0.9469   0.0000   0.0000   0.0000   0.3253
  -1.500  -0.3317   0.01493   0.00839   0.0334  1.0000  0.8709  -0.8229   0.0000   0.0000   0.0000   0.3476
  -1.000  -0.2602   0.01573   0.00914   0.0312  1.0000  0.9297  -0.6878   0.0000   0.0000   0.0000   0.3672
  -0.500  -0.1372   0.01660   0.00990   0.0178  1.0000  0.9690  -0.5351   0.0000   0.0000   0.0000   0.3768
   0.000  -0.0000   0.01700   0.01028   0.0000  0.9999  0.9999  -0.4098   0.0000   0.0000   0.0000   0.4014
   0.500   0.1372   0.01660   0.00990  -0.0178  0.9690  1.0000  -0.5351   0.0000   0.0000   0.0000   0.3768
   1.000   0.2601   0.01573   0.00914  -0.0312  0.9297  1.0000  -0.6878   0.0000   0.0000   0.0000   0.3672
   1.500   0.3316   0.01492   0.00839  -0.0334  0.8709  1.0000  -0.8228   0.0000   0.0000   0.0000   0.3476
   2.000   0.3738   0.01448   0.00784  -0.0295  0.8045  1.0000  -0.9468   0.0000   0.0000   0.0000   0.3253
   2.500   0.4142   0.01432   0.00747  -0.0252  0.7374  1.0000  -1.0851   0.0000   0.0000   0.0000   0.3070
   3.000   0.4550   0.01443   0.00736  -0.0215  0.6660  1.0000  -1.2351   0.0000   0.0000   0.0000   0.2929
   3.500   0.4965   0.01475   0.00739  -0.0179  0.5951  1.0000  -1.4116   0.0000   0.0000   0.0000   0.2814
   4.000   0.5372   0.01522   0.00762  -0.0146  0.5188  1.0000  -1.5967   0.0000   0.0000   0.0000   0.2721
   4.500   0.5768   0.01589   0.00795  -0.0112  0.4413  1.0000  -1.7848   0.0000   0.0000   0.0000   0.2640
   5.000   0.6147   0.01680   0.00849  -0.0077  0.3606  1.0000  -1.9987   0.0000   0.0000   0.0000   0.2567
   5.500   0.6510   0.01804   0.00939  -0.0042  0.2808  1.0000  -2.2197   0.0000   0.0000   0.0000   0.2502
   6.000   0.6867   0.01973   0.01063  -0.0008  0.2162  1.0000  -2.4327   0.0000   0.0000   0.0000   0.2444
   6.500   0.7237   0.02154   0.01222   0.0024  0.1702  1.0000  -2.6427   0.0000   0.0000   0.0000   0.2394
   7.000   0.7633   0.02365   0.01416   0.0053  0.1412  1.0000  -2.8499   0.0000   0.0000   0.0000   0.2355
   7.500   0.8038   0.02623   0.01665   0.0076  0.1191  1.0000  -3.1097   0.0000   0.0000   0.0000   0.2324
   8.000   0.8459   0.02877   0.01940   0.0100  0.1054  1.0000  -3.3646   0.0000   0.0000   0.0000   0.2296
   8.500   0.8844   0.03219   0.02322   0.0126  0.0944  1.0000  -3.5857   0.0000   0.0000   0.0000   0.2267
   9.000   0.9195   0.03596   0.02718   0.0150  0.0852  1.0000  -3.8168   0.0000   0.0000   0.0000   0.2242
   9.500   0.9440   0.04068   0.03269   0.0188  0.0801  1.0000  -3.9418   0.0000   0.0000   0.0000   0.2201
  10.000   0.9636   0.04600   0.03858   0.0223  0.0765  1.0000  -4.0558   0.0000   0.0000   0.0000   0.2164
  10.500   0.9684   0.05264   0.04577   0.0261  0.0748  1.0000  -4.0985   0.0000   0.0000   0.0000   0.2122
  11.000   0.9339   0.06128   0.05516   0.0309  0.0753  1.0000  -3.9524   0.0000   0.0000   0.0000   0.2054
  11.500   0.6949   0.12317   0.11787   0.0007  0.1568  1.0000  -2.1071   0.0000   0.0000   0.0000   0.2381
  12.000   0.6294   0.13446   0.12890  -0.0135  0.1484  1.0000  -1.7442   0.0000   0.0000   0.0000   0.2598
  12.500   0.6451   0.14168   0.13614  -0.0142  0.1412  1.0000  -1.7820   0.0000   0.0000   0.0000   0.2598
  13.000   0.6787   0.15205   0.14660  -0.0115  0.1372  1.0000  -1.8957   0.0000   0.0000   0.0000   0.2545
  13.500   0.6411   0.15829   0.15272  -0.0217  0.1273  1.0000  -1.6508   0.0000   0.0000   0.0000   0.2706
  14.000   0.6796   0.16737   0.16185  -0.0184  0.1190  1.0000  -1.8016   0.0000   0.0000   0.0000   0.2635
  14.500   0.6565   0.17297   0.16737  -0.0271  0.1100  1.0000  -1.6143   0.0000   0.0000   0.0000   0.2768
  15.000   0.6916   0.18126   0.17572  -0.0251  0.1040  1.0000  -1.8083   0.0000   0.0000   0.0000   0.2715
  15.500   0.6874   0.18987   0.18427  -0.0305  0.1014  1.0000  -1.7132   0.0000   0.0000   0.0000   0.2789
  16.000   0.6855   0.19529   0.18966  -0.0365  0.0937  1.0000  -1.6302   0.0000   0.0000   0.0000   0.2870
  16.500   0.7068   0.20266   0.19705  -0.0373  0.0892  1.0000  -1.7337   0.0000   0.0000   0.0000   0.2860
  17.000   0.7390   0.21664   0.21111  -0.0364  0.0869  1.0000  -1.8829   0.0000   0.0000   0.0000   0.2821
  17.500   0.7227   0.21752   0.21186  -0.0466  0.0832  1.0000  -1.6525   0.0000   0.0000   0.0000   0.2964
  18.000   0.7363   0.22424   0.21863  -0.0503  0.0780  1.0000  -1.6579   0.0000   0.0000   0.0000   0.2996
  18.500   0.7628   0.23331   0.22776  -0.0498  0.0735  1.0000  -1.8092   0.0000   0.0000   0.0000   0.2959
  19.000   0.7659   0.23919   0.23358  -0.0568  0.0705  1.0000  -1.6723   0.0000   0.0000   0.0000   0.3039
  19.500   0.7787   0.24541   0.23981  -0.0617  0.0648  1.0000  -1.6231   0.0000   0.0000   0.0000   0.3083
  20.000   0.7972   0.25252   0.24693  -0.0639  0.0611  1.0000  -1.6737   0.0000   0.0000   0.0000   0.3084


